5.48571
6.08943 99.384
6.69315 99.384
7.48263 75.9995
7.93542 132.512
8.67846 80.7495
9.27057 101.333
9.86268 101.333
10.6986 71.7773
11.43 82.0313
11.9989 105.469
12.6259 95.7031
13.1019 126.048
13.5779 126.048
14.019 135.999
14.5531 112.347
15.0872 112.347
15.9463 69.8374
16.6893 80.7495
17.4092 83.3543
18.1406 82.0312
19.0346 67.1165
19.6267 101.333
20.4161 75.9995
20.9154 120.185
21.4146 120.185
21.9138 120.185
22.4131 120.185
22.9123 120.185
23.4115 120.185
23.9107 120.185
24.41 120.185
24.9092 120.185
25.4084 120.185
25.9077 120.185
26.3837 126.048
26.8713 123.047
27.3589 123.047
27.8465 123.047
28.3341 123.047
28.8218 123.047
29.2862 129.199
29.7622 126.048
30.2382 126.048
30.7142 126.048
31.2134 120.185
31.701 123.047
32.2119 117.454
32.7111 120.185
33.1871 126.048
33.6747 123.047
34.1624 123.047
34.65 123.047
35.1144 129.199
35.5904 126.048
36.0664 126.048
36.5424 126.048
37.0416 120.185
37.5293 123.047
38.0169 123.047
38.5045 123.047
38.9921 123.047
39.4797 123.047
39.9673 123.047
40.455 123.047
40.9426 123.047
41.4302 123.047
41.9178 123.047
42.4054 123.047
42.8698 129.199
43.3459 126.048
43.8219 126.048
44.2979 126.048
44.7971 120.185
45.2847 123.047
45.7723 123.047
46.26 123.047
46.7708 117.454
47.27 120.185
47.746 126.048
48.2337 123.047
48.7213 123.047
49.2089 123.047
49.6733 129.199
50.1493 126.048
50.6253 126.048
51.1245 120.185
51.6122 123.047
52.0998 123.047
52.5874 123.047
53.075 123.047
53.5626 123.047
54.0502 123.047
54.5379 123.047
55.0255 123.047
55.5131 123.047
56.0007 123.047
56.4883 123.047
56.976 123.047
57.4636 123.047
57.9744 117.454
58.4504 126.048
58.938 123.047
59.4024 129.199
59.8785 126.048
60.3777 120.185
60.8653 123.047
61.3529 123.047
61.8405 123.047
62.3282 123.047
62.8158 123.047
63.3034 123.047
63.791 123.047
64.2554 129.199
64.7314 126.048
65.2307 120.185
65.7183 123.047
66.2059 123.047
66.6935 123.047
67.1811 123.047
67.6688 123.047
68.1564 123.047
68.644 123.047
69.1316 123.047
69.6192 123.047
70.1068 123.047
70.5945 123.047
71.0821 123.047
71.5697 123.047
72.0341 129.199
72.5101 126.048
72.9861 126.048
73.4621 126.048
73.9614 120.185
74.449 123.047
74.9134 129.199
75.3662 132.512
75.8306 129.199
76.295 129.199
76.7594 129.199
77.2005 135.999
77.6533 132.512
78.1061 132.512
78.5357 139.675
78.9769 135.999
79.418 135.999
79.8592 135.999
80.3004 135.999
80.7416 135.999
81.1828 135.999
81.6239 135.999
82.0651 135.999
82.5063 135.999
82.9475 135.999
83.3887 135.999
83.8298 135.999
84.2942 129.199
84.747 132.512
85.1766 139.675
85.5946 143.555
86.0241 139.675
86.4537 139.675
86.8833 139.675
87.3128 139.675
87.7424 139.675
88.172 139.675
88.6015 139.675
89.0311 139.675
89.4607 139.675
89.8902 139.675
90.3198 139.675
90.7494 139.675
91.179 139.675
91.6085 139.675
92.0613 132.512
92.5025 135.999
92.9437 135.999
93.3849 135.999
93.826 135.999
94.2672 135.999
94.6852 143.555
95.1147 139.675
95.5443 139.675
95.9507 147.656
96.3686 143.555
96.8098 135.999
